1 0 0 0
2 0 0 1
3 0 0 2
4 0 0 3
5 0 1 0
6 0 1 1
7 0 1 2
8 0 1 3
9 0 2 0
10 0 2 1
11 0 2 2
12 0 2 3
13 0 3 0
14 0 3 1
15 0 3 2
16 0 3 3
17 0 4 0
18 0 4 1
19 0 4 2
20 0 4 3
21 0 5 0
22 0 5 1
23 0 5 2
24 0 5 3
25 0 6 0
26 0 6 1
27 0 6 2
28 0 6 3
29 0 7 0
30 0 7 1
31 0 7 2
32 0 7 3
33 1 0 0
34 1 0 1
35 1 0 2
36 1 0 3
37 1 1 0
38 1 1 1
39 1 1 2
40 1 1 3
41 1 2 0
42 1 2 1
43 1 2 2
44 1 2 3
45 1 3 0
46 1 3 1
47 1 3 2
48 1 3 3
49 1 4 0
50 1 4 1
51 1 4 2
52 1 4 3
53 1 5 0
54 1 5 1
55 1 5 2
56 1 5 3
57 1 6 0
58 1 6 1
59 1 6 2
60 1 6 3
61 1 7 0
62 1 7 1
63 1 7 2
64 1 7 3
65 2 0 0
66 2 0 1
67 2 0 2
68 2 0 3
69 2 1 0
70 2 1 1
71 2 1 2
72 2 1 3
73 2 2 0
74 2 2 1
75 2 2 2
76 2 2 3
77 2 3 0
78 2 3 1
79 2 3 2
80 2 3 3
81 2 4 0
82 2 4 1
83 2 4 2
84 2 4 3
85 2 5 0
86 2 5 1
87 2 5 2
88 2 5 3
89 2 6 0
90 2 6 1
91 2 6 2
92 2 6 3
93 2 7 0
94 2 7 1
95 2 7 2
96 2 7 3
97 3 0 0
98 3 0 1
99 3 0 2
100 3 0 3
101 3 1 0
102 3 1 1
103 3 1 2
104 3 1 3
105 3 2 0
106 3 2 1
107 3 2 2
108 3 2 3
109 3 3 0
110 3 3 1
111 3 3 2
112 3 3 3
113 3 4 0
114 3 4 1
115 3 4 2
116 3 4 3
117 3 5 0
118 3 5 1
119 3 5 2
120 3 5 3
121 3 6 0
122 3 6 1
123 3 6 2
124 3 6 3
125 3 7 0
126 3 7 1
127 3 7 2
128 3 7 3
129 4 0 0
130 4 0 1
131 4 0 2
132 4 0 3
133 4 1 0
134 4 1 1
135 4 1 2
136 4 1 3
137 4 2 0
138 4 2 1
139 4 2 2
140 4 2 3
141 4 3 0
142 4 3 1
143 4 3 2
144 4 3 3
145 4 4 0
146 4 4 1
147 4 4 2
148 4 4 3
149 4 5 0
150 4 5 1
151 4 5 2
152 4 5 3
153 4 6 0
154 4 6 1
155 4 6 2
156 4 6 3
157 4 7 0
158 4 7 1
159 4 7 2
160 4 7 3
